49 49 49 49 49 49 49 49 49 49 49 49 49 49 49 49 49 49 49 49 49 49 49 49 49 49 49 49 49 49 49 49 49 49 49 49 49 49 49 49 49 49 49 49 49 49 49 49 49 49
49 49 49 49 49 49 49 49 49 49 49 49 49 49 49 49 49 49 49 49 49 49 49 49 49 49 49 49 49 49 49 49 49 49 49 49 49 49 49 49 49 49 49 49 49 49 49 49 49 49
49 49 49 49 49 49 49 49 49 49 49 49 49 49 49 49 49 49 49 49 49 49 49 49 49 49 49 49 49 49 49 49 49 49 49 49 49 49 49 49 49 49 49 49 49 49 49 49 49 49
49 49 49 49 49 49 49 49 49 49 49 49 49 49 49 49 49 49 49 49 49 49 49 49 49 49 49 49 49 49 49 49 49 49 49 49 49 49 49 49 49 49 49 49 49 49 49 49 49 49
49 49 49 49 49 49 49 49 49 49 49 49 49 49 49 49 49 49 49 49 49 49 49 49 49 49 49 49 49 49 49 49 49 49 49 49 49 49 49 49 49 49 49 49 49 49 49 49 49 49
49 49 49 49 49 49 49 49 49 49 49 49 49 49 49 49 49 49 49 49 49 49 49 49 49 49 49 49 49 49 49 49 49 49 49 49 49 49 49 49 49 49 49 49 49 49 49 49 49 49
49 49 49 49 49 49 49 40 40 40 40 40 40 40 40 40 40 40 40 40 40 40 40 40 40 40 40 40 40 40 40 40 40 40 40 40 40 40 40 40 40 40 40 42 49 49 49 49 49 49
49 49 49 49 49 49 49 40 45 39 40 40 40 40 40 40 40 40 40 40 40 40 40 40 40 40 40 40 40 40 40 40 40 40 40 40 40 40 40 40 40 40 40 49 49 49 49 49 49 49
49 49 49 49 49 49 49 40 39 39 40 40 40 40 40 39 39 39 39 39 39 40 40 40 40 40 40 40 40 40 40 39 39 39 39 39 39 40 40 40 40 40 40 49 49 49 49 49 49 49
49 49 49 49 49 49 49 40 40 39 40 40 40 40 39 39 39 39 39 39 39 39 40 40 40 40 40 40 40 40 39 39 39 39 40 40 39 40 40 40 40 40 40 49 49 49 49 49 49 49
49 49 49 49 49 49 49 40 40 39 39 39 39 39 39 39 39 39 39 39 39 39 40 40 40 40 39 39 39 39 39 39 39 40 40 40 39 39 40 40 40 40 40 49 49 49 49 49 49 49
49 49 49 49 49 49 49 40 40 40 40 40 40 40 39 39 39 39 39 39 39 39 40 40 40 39 39 39 39 39 39 39 40 40 40 40 40 39 40 40 40 40 40 49 49 49 49 49 49 49
49 49 49 49 49 49 49 40 40 40 40 40 40 40 40 39 39 39 39 39 39 40 40 40 39 39 39 39 39 39 40 40 40 40 40 40 40 39 39 40 40 40 40 49 49 49 49 49 49 49
49 49 49 49 49 49 49 40 40 40 40 40 40 40 40 40 40 40 39 40 40 40 40 39 39 39 39 40 40 40 40 40 40 40 40 40 39 39 39 39 40 40 40 49 49 49 49 49 49 49
49 49 49 49 49 49 49 40 40 40 40 40 40 40 40 40 40 40 39 40 40 40 39 39 39 40 40 40 40 40 40 40 40 40 40 39 39 39 39 39 40 40 40 49 49 49 49 49 49 49
49 49 49 49 49 49 49 40 40 40 40 40 40 40 40 39 39 39 39 39 40 40 39 39 39 40 40 39 40 40 40 40 40 40 40 39 39 39 39 39 39 40 40 49 49 49 49 49 49 49
49 49 49 49 49 49 49 40 40 40 40 40 40 39 39 39 40 39 39 39 40 40 39 40 40 40 40 39 40 40 40 40 40 40 39 39 39 39 39 39 39 40 40 49 49 49 49 49 49 49
49 49 49 49 49 49 49 40 39 39 40 40 40 40 40 40 40 40 39 40 40 40 39 40 40 39 39 39 39 39 40 40 39 39 39 40 40 39 39 39 40 40 40 49 49 49 49 49 49 49
49 49 49 49 49 49 49 40 39 39 39 39 39 40 40 40 40 40 39 40 40 40 39 40 40 39 39 39 39 39 40 39 39 40 40 40 40 40 39 40 40 40 40 49 49 49 49 49 49 49
49 49 49 49 49 49 49 40 39 39 39 39 39 40 40 40 40 40 39 40 40 40 39 40 40 39 39 39 39 39 39 39 40 40 40 40 40 40 39 40 40 40 40 49 49 49 49 49 49 49
49 49 49 49 49 49 49 40 39 39 39 39 39 40 40 40 40 40 39 40 40 40 39 40 40 40 39 39 39 39 40 40 40 40 40 40 40 40 39 40 40 40 40 49 49 49 49 49 49 49
49 49 49 49 49 49 49 40 39 39 39 39 39 40 40 40 40 40 39 40 40 40 39 39 40 40 40 40 40 40 40 40 40 40 40 40 40 40 39 40 40 40 40 49 49 49 49 49 49 49
49 49 49 49 49 49 49 40 40 40 39 40 40 40 40 40 40 40 39 40 39 39 39 39 40 40 40 40 40 40 40 40 40 40 40 40 40 40 39 40 40 40 40 49 49 49 49 49 49 49
49 49 49 49 49 49 49 40 40 40 39 40 40 40 40 40 40 40 39 40 40 40 40 40 40 40 40 40 40 40 40 40 40 40 40 40 40 39 39 39 39 40 40 49 49 49 49 49 49 49
49 49 49 49 49 49 49 40 40 40 39 40 40 40 39 39 39 39 39 39 39 39 40 40 40 40 40 40 40 40 40 40 40 40 39 39 39 39 39 39 39 40 40 49 49 49 49 49 49 49
49 49 49 49 49 49 49 40 40 40 39 40 40 39 39 39 39 39 39 39 39 39 39 40 40 40 40 40 40 40 40 40 39 39 39 39 39 39 39 39 39 40 40 49 49 49 49 49 49 49
49 49 49 49 49 49 49 40 40 40 39 39 39 39 39 39 39 39 39 39 39 39 39 40 40 40 40 40 40 40 40 40 39 39 39 39 39 39 39 39 39 40 40 49 49 49 49 49 49 49
49 49 49 49 49 49 49 40 40 40 39 39 39 39 39 39 39 39 39 39 39 39 39 40 40 40 40 40 40 40 40 40 39 39 39 39 39 39 39 39 39 40 40 49 49 49 49 49 49 49
49 49 49 49 49 49 49 40 40 40 40 40 40 40 39 39 39 39 39 39 39 39 39 39 39 39 39 39 39 39 39 39 39 39 39 39 39 40 40 39 39 40 40 49 49 49 49 49 49 49
49 49 49 49 49 49 49 40 40 40 40 40 40 40 40 40 40 39 39 40 40 40 40 40 40 40 39 40 40 40 40 40 39 39 39 40 40 40 40 39 39 40 40 49 49 49 49 49 49 49
49 49 49 49 49 49 49 40 40 40 40 40 40 40 40 40 40 39 39 40 40 40 40 40 40 40 39 40 40 40 40 40 40 40 40 40 40 40 39 39 39 40 40 49 49 49 49 49 49 49
49 49 49 49 49 49 49 40 40 40 40 40 40 40 40 40 40 39 39 40 40 40 40 40 40 40 39 40 40 40 40 40 40 40 40 40 40 40 40 39 39 40 40 49 49 49 49 49 49 49
49 49 49 49 49 49 49 40 40 40 40 40 40 40 40 40 40 39 39 40 40 40 40 40 40 40 39 40 40 40 40 40 40 40 40 40 40 40 40 40 40 40 40 49 49 49 49 49 49 49
49 49 49 49 49 49 49 40 40 40 40 40 40 40 40 40 40 39 39 40 40 40 40 40 40 39 39 39 40 40 40 40 40 40 40 40 40 40 40 40 40 40 40 49 49 49 49 49 49 49
49 49 49 49 49 49 49 40 40 40 40 40 40 40 40 40 40 39 39 40 40 40 40 40 40 39 39 39 40 40 40 40 40 40 40 40 40 40 40 40 40 40 40 49 49 49 49 49 49 49
49 49 49 49 49 49 49 40 40 40 40 40 40 40 40 39 39 39 39 39 39 40 40 40 40 40 40 40 40 40 40 40 40 40 40 40 40 40 40 40 40 40 40 49 49 49 49 49 49 49
49 49 49 49 49 49 49 40 40 40 40 40 40 40 40 39 39 39 39 39 39 40 40 40 40 40 40 40 40 40 40 40 40 40 40 40 40 40 40 40 40 40 40 49 49 49 49 49 49 49
49 49 49 49 49 49 49 40 40 39 39 39 39 39 39 39 39 39 39 39 39 40 40 40 40 40 40 40 40 40 40 40 40 40 40 40 39 39 39 39 39 40 40 49 49 49 49 49 49 49
49 49 49 49 49 49 49 40 40 39 40 40 40 40 40 39 39 39 39 39 39 40 40 40 40 40 40 40 40 40 40 40 39 39 39 39 39 39 40 40 39 40 40 49 49 49 49 49 49 49
49 49 49 49 49 49 49 40 40 39 40 40 40 40 40 39 39 39 39 39 39 40 40 40 40 40 40 40 40 40 40 39 39 39 39 39 39 40 40 40 39 40 40 49 49 49 49 49 49 49
49 49 49 49 49 49 49 40 39 39 39 40 40 40 40 39 39 39 39 39 39 39 39 39 39 39 39 39 39 39 39 39 39 39 39 39 39 40 40 40 39 40 40 49 49 49 49 49 49 49
49 49 49 49 49 49 49 40 39 46 39 40 40 40 40 40 40 40 40 40 40 40 40 40 40 40 40 40 40 40 40 40 39 39 39 39 39 40 40 40 39 40 40 49 49 49 49 49 49 49
49 49 49 49 49 49 49 40 39 39 39 40 40 40 40 40 40 40 40 40 40 40 40 40 40 40 40 40 40 40 40 40 40 40 40 40 40 40 40 40 40 40 40 49 49 49 49 49 49 49
49 49 49 49 49 49 49 40 40 40 40 40 40 40 40 40 40 40 40 40 40 40 40 40 40 40 40 40 40 40 40 40 40 40 40 40 40 40 40 40 40 40 40 49 49 49 49 49 49 49
49 49 49 49 49 49 49 49 49 49 49 49 49 49 49 49 49 49 49 49 49 49 49 49 49 49 49 49 49 49 49 49 49 49 49 49 49 49 49 49 49 49 49 49 49 49 49 49 49 49
49 49 49 49 49 49 49 49 49 49 49 49 49 49 49 49 49 49 49 49 49 49 49 49 49 49 49 49 49 49 49 49 49 49 49 49 49 49 49 49 49 49 49 49 49 49 49 49 49 49
49 49 49 49 49 49 49 49 49 49 49 49 49 49 49 49 49 49 49 49 49 49 49 49 49 49 49 49 49 49 49 49 49 49 49 49 49 49 49 49 49 49 49 49 49 49 49 49 49 49
49 49 49 49 49 49 49 49 49 49 49 49 49 49 49 49 49 49 49 49 49 49 49 49 49 49 49 49 49 49 49 49 49 49 49 49 49 49 49 49 49 49 49 49 49 49 49 49 49 49
49 49 49 49 49 49 49 49 49 49 49 49 49 49 49 49 49 49 49 49 49 49 49 49 49 49 49 49 49 49 49 49 49 49 49 49 49 49 49 49 49 49 49 49 49 49 49 49 49 49
49 49 49 49 49 49 49 49 49 49 49 49 49 49 49 49 49 49 49 49 49 49 49 49 49 49 49 49 49 49 49 49 49 49 49 49 49 49 49 49 49 49 49 49 49 49 49 49 49 49
